20
1 2 3 4 2 1 5 6 2 1 2 3 7 6 3 2 1 2 3 6
5
Programmed by: Jan Edgar E. Tupas
MP06 - LFU PAGE REPLACEMENT
enter reference string size: 20
enter reference string: 1 2 3 4 2 1 5 6 2 1 2 3 7 6 3 2 1 2 3 6
Frame Size: 5

Page Replacement Table
 1    2    3    4    2    1    5    6    2    1    2    3    7    6    3    2    1    2    3    6   
====================================================================================================
[1]  [1]  [1]  [1]  [1]  [ ]  [1]  [1]  [ ]  [ ]  [ ]  [1]  [1]  [ ]  [ ]  [ ]  [ ]  [ ]  [ ]  [ ]
[ ]  [2]  [2]  [2]  [2]  [ ]  [5]  [5]  [ ]  [ ]  [ ]  [5]  [7]  [ ]  [ ]  [ ]  [ ]  [ ]  [ ]  [ ]
[ ]  [ ]  [3]  [3]  [3]  [ ]  [3]  [6]  [ ]  [ ]  [ ]  [6]  [6]  [ ]  [ ]  [ ]  [ ]  [ ]  [ ]  [ ]
[ ]  [ ]  [ ]  [4]  [4]  [ ]  [4]  [4]  [ ]  [ ]  [ ]  [3]  [3]  [ ]  [ ]  [ ]  [ ]  [ ]  [ ]  [ ]
[ ]  [ ]  [ ]  [ ]  [2]  [ ]  [2]  [2]  [ ]  [ ]  [ ]  [2]  [2]  [ ]  [ ]  [ ]  [ ]  [ ]  [ ]  [ ]

Display Page Fault: 9


Programmed by: Jan Edgar E. Tupas
MP06 - LFU PAGE REPLACEMENT
enter reference string size: 20
enter reference string: 1 2 3 4 2 1 5 6 2 1 2 3 7 6 3 2 1 2 3 6
Frame Size: 5

Page Replacement Table
 1    2    3    4    2    1    5    6    2    1    2    3    7    6    3    2    1    2    3    6   
====================================================================================================
[1]  [1]  [1]  [1]  [1]  [ ]  [1]  [1]  [ ]  [ ]  [ ]  [1]  [1]  [ ]  [ ]  [ ]  [ ]  [ ]  [ ]  [ ]
[ ]  [2]  [2]  [2]  [2]  [ ]  [5]  [5]  [ ]  [ ]  [ ]  [5]  [7]  [ ]  [ ]  [ ]  [ ]  [ ]  [ ]  [ ]
[ ]  [ ]  [3]  [3]  [3]  [ ]  [3]  [6]  [ ]  [ ]  [ ]  [6]  [6]  [ ]  [ ]  [ ]  [ ]  [ ]  [ ]  [ ]
[ ]  [ ]  [ ]  [4]  [4]  [ ]  [4]  [4]  [ ]  [ ]  [ ]  [3]  [3]  [ ]  [ ]  [ ]  [ ]  [ ]  [ ]  [ ]
[ ]  [ ]  [ ]  [ ]  [2]  [ ]  [2]  [2]  [ ]  [ ]  [ ]  [2]  [2]  [ ]  [ ]  [ ]  [ ]  [ ]  [ ]  [ ]

Display Page Fault: 9


Programmed by: Jan Edgar E. Tupas
MP06 - LFU PAGE REPLACEMENT
enter reference string size: 20
enter reference string: 1 2 3 4 2 1 5 6 2 1 2 3 7 6 3 2 1 2 3 6
Frame Size: 5

Page Replacement Table
 1    2    3    4    2    1    5    6    2    1    2    3    7    6    3    2    1    2    3    6   
====================================================================================================
[1]  [1]  [1]  [1]  [1]  [ ]  [1]  [1]  [ ]  [ ]  [ ]  [1]  [1]  [ ]  [ ]  [ ]  [ ]  [ ]  [ ]  [ ]
[ ]  [2]  [2]  [2]  [2]  [ ]  [5]  [5]  [ ]  [ ]  [ ]  [5]  [7]  [ ]  [ ]  [ ]  [ ]  [ ]  [ ]  [ ]
[ ]  [ ]  [3]  [3]  [3]  [ ]  [3]  [6]  [ ]  [ ]  [ ]  [6]  [6]  [ ]  [ ]  [ ]  [ ]  [ ]  [ ]  [ ]
[ ]  [ ]  [ ]  [4]  [4]  [ ]  [4]  [4]  [ ]  [ ]  [ ]  [3]  [3]  [ ]  [ ]  [ ]  [ ]  [ ]  [ ]  [ ]
[ ]  [ ]  [ ]  [ ]  [2]  [ ]  [2]  [2]  [ ]  [ ]  [ ]  [2]  [2]  [ ]  [ ]  [ ]  [ ]  [ ]  [ ]  [ ]

Display Page Fault: 9


Programmed by: Jan Edgar E. Tupas
MP06 - LFU PAGE REPLACEMENT
enter reference string size: 20
enter reference string: 1 2 3 4 2 1 5 6 2 1 2 3 7 6 3 2 1 2 3 6
Frame Size: 5

Page Replacement Table
 1    2    3    4    2    1    5    6    2    1    2    3    7    6    3    2    1    2    3    6   
====================================================================================================
[1]  [1]  [1]  [1]  [1]  [ ]  [1]  [1]  [ ]  [ ]  [ ]  [1]  [1]  [ ]  [ ]  [ ]  [ ]  [ ]  [ ]  [ ]
[ ]  [2]  [2]  [2]  [2]  [ ]  [5]  [5]  [ ]  [ ]  [ ]  [5]  [7]  [ ]  [ ]  [ ]  [ ]  [ ]  [ ]  [ ]
[ ]  [ ]  [3]  [3]  [3]  [ ]  [3]  [6]  [ ]  [ ]  [ ]  [6]  [6]  [ ]  [ ]  [ ]  [ ]  [ ]  [ ]  [ ]
[ ]  [ ]  [ ]  [4]  [4]  [ ]  [4]  [4]  [ ]  [ ]  [ ]  [3]  [3]  [ ]  [ ]  [ ]  [ ]  [ ]  [ ]  [ ]
[ ]  [ ]  [ ]  [ ]  [2]  [ ]  [2]  [2]  [ ]  [ ]  [ ]  [2]  [2]  [ ]  [ ]  [ ]  [ ]  [ ]  [ ]  [ ]

Display Page Fault: 9

